1 41917C 17003A   25162.36979167 -.00004538  00000+0 -16227-2 0  1620
2 41917  86.3979 243.4323 0002638  86.3934  38.6698 14.34221768    18
1 41918C 17003B   25162.51006944  .00000705  00000+0  25218-3 0  1623
2 41918  86.3978 243.2745 0002950 101.7944  92.5517 14.34214838    13
1 41919C 17003C   25162.35868056 -.00004623  00000+0 -16531-2 0  1628
2 41919  86.3980 243.3911 0002434 100.8728 359.5933 14.34221192    19
1 41920C 17003D   25162.40173611 -.00004680  00000+0 -16734-2 0  1620
2 41920  86.3978 243.3046 0002167  98.6096  27.6509 14.34221704    13
1 41921C 17003E   25162.53715278  .00002307  00000+0  82503-3 0  1626
2 41921  86.3990 211.7134 0002534  97.7641 158.2469 14.34214891    14
1 41922C 17003F   25162.40729167 -.00004168  00000+0 -14902-2 0  1621
2 41922  86.3979 243.3393 0002511 106.6565 342.8133 14.34220398    18
1 41923C 17003G   25162.51284722  .00000975  00000+0  34872-3 0  1626
2 41923  86.3979 243.2797 0002690  97.9635 143.4433 14.34214777    16
1 41924C 17003H   25162.51145833  .00003170  00000+0  11334-2 0  1623
2 41924  86.3984 211.6259 0002311  90.1106 358.1559 14.34213953    12
1 41925C 17003J   25162.40659722 -.00004370  00000+0 -15627-2 0  1623
2 41925  86.3975 243.1831 0002253  99.2173  19.3951 14.34220759    12
1 41926C 17003K   25162.53368056  .00000914  00000+0  32679-3 0  1620
2 41926  86.3977 243.1924 0002450  95.0345  24.7796 14.34215041    17
1 42803C 17039A   25162.38368056  .00000873  00000+0  31203-3 0  1623
2 42803  86.3969 117.1843 0002418  93.1680  76.0328 14.34217756    14
1 42804C 17039B   25162.27118056  .00001581  00000+0  56531-3 0  1623
2 42804  86.3972 148.6887 0002697  87.2961   7.3974 14.34213861    18
1 42805C 17039C   25162.37673611  .00001212  00000+0  43317-3 0  1627
2 42805  86.3958 117.0177 0002540  79.7584  86.3368 14.34217546    17
1 42806C 17039D   25162.43159722 -.00000937  00000+0 -27883-3 0  1622
2 42806  86.4496 117.0727 0003155  83.0010  47.0445 14.43282810    18
1 42807C 17039E   25162.52673611 -.00003828  00000+0 -13687-2 0  1629
2 42807  86.3973 148.5816 0002378  91.3836  78.3273 14.34222128    12
1 42808C 17039F   25162.25104167  .00000835  00000+0  29849-3 0  1626
2 42808  86.3971 148.6580 0002692  90.6864 358.2988 14.34213326    15
1 42809C 17039G   25162.35034722  .00004437  00000+0  15863-2 0  1629
2 42809  86.3973 148.6616 0002541  93.8077  16.6508 14.34212265    16
1 42810C 17039H   25162.51493056 -.00007876  00000+0 -23448-2 0  1628
2 42810  86.4491  85.3411 0002564  80.1860 106.2682 14.43287912    18
1 42811C 17039J   25162.51562500  .00002768  00000+0  98972-3 0  1628
2 42811  86.3982 180.0621 0002514  84.1032 206.9610 14.34215846    15
1 42812C 17039K   25162.39756944  .00004835  00000+0  17288-2 0  1629
2 42812  86.3974 148.6669 0002357  87.3049 168.6350 14.34212436    14
1 42955C 17061A   25162.29965278 -.00001391  00000+0 -49731-3 0  1628
2 42955  86.3984 180.2607 0002467  92.0659   0.9642 14.34217136    13
1 42956C 17061B   25162.36562500  .00001899  00000+0  67914-3 0  1622
2 42956  86.3982 180.1607 0002590  91.1244  14.9997 14.34215954    12
1 42957C 17061C   25162.51423611  .00002720  00000+0  97241-3 0  1629
2 42957  86.3983 180.0977 0002551  92.4646 224.1596 14.34216164    14
1 42958C 17061D   25162.36215278  .00001717  00000+0  61379-3 0  1629
2 42958  86.3984 180.2242 0002197 102.4505  18.5308 14.34214473    12
1 42959C 17061E   25162.51423611  .00001797  00000+0  64233-3 0  1629
2 42959  86.3984 180.1547 0002643  96.6331 252.7147 14.34217098    16
1 42960C 17061F   25162.41701389  .00003727  00000+0  13327-2 0  1623
2 42960  86.3985 180.2144 0002883  90.1047  19.4148 14.34213329    14
1 42961C 17061G   25162.42395833  .00003871  00000+0  13840-2 0  1628
2 42961  86.3984 180.1937 0002492  91.6095  21.0130 14.34213123    10
1 42962C 17061H   25162.31076389 -.00000458  00000+0 -16379-3 0  1620
2 42962  86.3984 180.2457 0002667  95.2098 349.6980 14.34216183    17
1 42963C 17061J   25162.51840278  .00002562  00000+0  91616-3 0  1622
2 42963  86.3985 180.2149 0002714  90.3789 313.2003 14.34216048    16
1 42964C 17061K   25162.30590278 -.00000883  00000+0 -31587-3 0  1629
2 42964  86.3987 180.3578 0002989  99.0922 353.4592 14.34216952    18
1 43070C 17083A   25162.42048611 -.00000248  00000+0 -88671-4 0  1626
2 43070  86.3964 117.0295 0002215  85.3383  11.9584 14.34218859    11
1 43071C 17083B   25162.38993056  .00000566  00000+0  20252-3 0  1625
2 43071  86.3952 116.7139 0002445 100.0714  68.6509 14.34218709    10
1 43072C 17083C   25162.41493056  .00000219  00000+0  78184-4 0  1628
2 43072  86.3963 117.0224 0002423  81.0678  20.2223 14.34218635    10
1 43073C 17083D   25162.39618056  .00000425  00000+0  15213-3 0  1627
2 43073  86.3971 117.2695 0002639  80.8184  87.4271 14.34218468    14
1 43074C 17083E   25162.36979167  .00001706  00000+0  60997-3 0  1620
2 43074  86.3965 117.0907 0002423  81.8240  81.1670 14.34217420    18
1 43075C 17083F   25162.53506944 -.00001584  00000+0 -56651-3 0  1627
2 43075  86.3966 117.0246 0002601  83.0713  16.3781 14.34218490    14
1 43076C 17083G   25162.42118056 -.00000018  00000+0 -64448-5 0  1625
2 43076  86.3968 117.1574 0001976  73.0253  93.3150 14.34218254    17
1 43077C 17083H   25162.41493056  .00000179  00000+0  63867-4 0  1620
2 43077  86.3963 117.0118 0002390  92.2316  74.5805 14.34218404    15
1 43078C 17083J   25162.36701389 -.00002049  00000+0 -73254-3 0  1626
2 43078  86.3968  85.5010 0002618  95.1098  71.1689 14.34217649    16
1 43079C 17083K   25162.53576389 -.00002072  00000+0 -74092-3 0  1623
2 43079  86.3968 117.1226 0002232  90.3620  45.3970 14.34219202    11
1 43249C 18030A   25162.37256944 -.00002055  00000+0 -73477-3 0  1626
2 43249  86.3966  85.4362 0002402  84.0879  78.1697 14.34220478    18
1 43250C 18030B   25162.36701389 -.00001342  00000+0 -47970-3 0  1622
2 43250  86.3965  85.4097 0002364  83.6030  17.2732 14.34219235    18
1 43251C 18030C   25162.38645833 -.00000987  00000+0 -35308-3 0  1622
2 43251  86.3967  85.4467 0002091  90.1387  12.8767 14.34219219    18
1 43252C 18030D   25162.40520833 -.00001747  00000+0 -62474-3 0  1627
2 43252  86.3967  85.4524 0002535  84.6157  16.9668 14.34219946    11
1 43253C 18030E   25162.39270833 -.00001090  00000+0 -38972-3 0  1625
2 43253  86.3967  85.4305 0002471  76.8203  25.7005 14.34219764    14
1 43254C 18030F   25162.38020833 -.00001573  00000+0 -56248-3 0  1620
2 43254  86.3966  85.4493 0002463  76.8366  59.3423 14.34220717    10
1 43255C 18030G   25162.41145833 -.00002066  00000+0 -73875-3 0  1626
2 43255  86.3968  85.4736 0002230  83.5947  17.5164 14.34219147    18
1 43256C 18030H   25162.38020833 -.00001068  00000+0 -38186-3 0  1622
2 43256  86.3965  85.3891 0002399  73.4246  30.0682 14.34219448    12
1 43257C 18030J   25162.36076389 -.00001914  00000+0 -68438-3 0  1621
2 43257  86.3968  85.5015 0002549  80.8571  85.9401 14.34220582    15
1 43258C 18030K   25162.51979167 -.00001437  00000+0 -51392-3 0  1626
2 43258  86.3971  85.5133 0002536  75.8324 289.7257 14.34217932    15
1 43478C 18047C   25162.40520833 -.00004345  00000+0 -12935-2 0  1628
2 43478  86.4499 243.3536 0002375 102.6673 348.1420 14.43285025    13
1 43479C 18047D   25162.52118056  .00001147  00000+0  40997-3 0  1627
2 43479  86.3974 243.1656 0002429  98.8407  54.6571 14.34214884    14
1 43480C 18047E   25162.38298611 -.00004769  00000+0 -17053-2 0  1620
2 43480  86.3976 243.2220 0002163  98.2985  29.3907 14.34222099    15
1 43481C 18047F   25162.38923611 -.00004835  00000+0 -17286-2 0  1628
2 43481  86.3978 243.3016 0002314 109.1181  18.0923 14.34221909    12
1 43482C 18047G   25162.39895833 -.00004614  00000+0 -13735-2 0  1624
2 43482  86.4499 243.2516 0002555 103.8179 347.2347 14.43285365    14
1 43569C 18061A   25162.32812500 -.00003618  00000+0 -12938-2 0  1626
2 43569  86.3987 211.7263 0002389 100.1779 351.1928 14.34219655    19
1 43570C 18061B   25162.42881944  .00001095  00000+0  39135-3 0  1621
2 43570  86.3986 211.6398 0002468  88.0751  31.9721 14.34214395    10
1 43571C 18061C   25162.32187500 -.00004028  00000+0 -14402-2 0  1628
2 43571  86.3986 211.6943 0002589  96.0628 355.7835 14.34220493    12
1 43572C 18061D   25162.41701389  .00000574  00000+0  20511-3 0  1625
2 43572  86.3988 211.6937 0002328  91.0463   0.8220 14.34214120    17
1 43573C 18061E   25162.38506944 -.00001482  00000+0 -52989-3 0  1627
2 43573  86.3984 211.5947 0002650  92.9909  30.3907 14.34217448    13
1 43574C 18061F   25162.36006944 -.00002562  00000+0 -91617-3 0  1622
2 43574  86.3988 211.7202 0002367  94.0624 358.4997 14.34218905    18
1 43575C 18061G   25162.41631944  .00000729  00000+0  26054-3 0  1627
2 43575  86.3985 211.6238 0002526  98.1925  22.7995 14.34215680    16
1 43576C 18061H   25162.38506944 -.00001389  00000+0 -49650-3 0  1627
2 43576  86.3985 211.6438 0002679  89.3624   1.2917 14.34216671    13
1 43577C 18061J   25162.36631944 -.00002422  00000+0 -86589-3 0  1626
2 43577  86.3987 211.6860 0002186  89.0919   3.0037 14.34220212    11
1 43578C 18061K   25162.52326389  .00002833  00000+0  10131-2 0  1622
2 43578  86.3984 211.5650 0002211  97.0853 248.4617 14.34214207    16
1 43922C 19002A   25162.43576389  .00003086  00000+0  11033-2 0  1621
2 43922  86.3972 148.5832 0002404  91.9421 164.7094 14.34215599    19
1 43923C 19002B   25162.37465278  .00004478  00000+0  71132-3 0  1622
2 43923  86.6097 148.6025 0003200  97.0570 154.5121 14.72250023    14
1 43924C 19002C   25162.42951389  .00003223  00000+0  11523-2 0  1626
2 43924  86.3974 148.6526 0002402  90.0674 167.0671 14.34215015    12
1 43925C 19002D   25162.41701389  .00003633  00000+0  12990-2 0  1623
2 43925  86.3971 148.5620 0002572  92.6859 165.4001 14.34214775    16
1 43926C 19002E   25162.42881944  .00004619  00000+0  15125-2 0  1629
2 43926  86.4240 180.1367 0003929  93.2886 155.0203 14.38601661    18
1 43927C 19002F   25162.41076389  .00003959  00000+0  14154-2 0  1625
2 43927  86.3971 148.5713 0002327  96.4380 162.1372 14.34213776    15
1 43928C 19002G   25162.41493056 -.00001488  00000+0 -23639-3 0  1626
2 43928  86.1502 101.4301 0003151  72.3402  59.2909 14.72253312    13
1 43929C 19002H   25162.39131944  .00005052  00000+0  18065-2 0  1624
2 43929  86.3981 148.8446 0002362  81.8020 174.6161 14.34212388    14
1 43930C 19002J   25162.38090278  .00004533  00000+0  72005-3 0  1627
2 43930  86.6096 148.6046 0003034  89.1079 162.8569 14.72246079    19
1 43931C 19002K   25162.42534722  .00003505  00000+0  12530-2 0  1624
2 43931  86.3972 148.5845 0002654  80.9897  23.7321 14.34214615    10
1 56726C 23068S   25162.42534722  .00001255  00000+0  37330-3 0  1623
2 56726  86.4524 211.6382 0002106  82.7846  37.5403 14.43306922    11
1 56727C 23068T   25162.27812500  .00003566  00000+0  47025-3 0  1629
2 56727  86.1967 144.9328 0002670  86.6001  24.2030 14.80214727    11
1 56728C 23068U   25162.43645833  .00003247  00000+0  51574-3 0  1621
2 56728  86.6105 148.6909 0002652 103.8057 147.7925 14.72249018    16
1 56729C 23068V   25162.33576389  .00002192  00000+0  28910-3 0  1626
2 56729  86.6559 180.2745 0002605  96.1583  19.6133 14.80225116    16
1 56730C 23068W   25162.39687500  .00002851  00000+0  37587-3 0  1624
2 56730  86.6802 188.1016 0002734  93.6277  16.1039 14.80225716    15
